# Computational String Art – Pin Sequence
# Pins:    288
# Strings: 12627
# Opacity: 0.08
# Format:  one pin index per line (0-indexed)

55
207
56
209
57
210
61
216
60
214
59
213
62
208
61
206
55
205
58
215
62
218
60
217
65
221
63
211
58
216
63
218
59
219
62
209
60
211
66
220
64
223
67
213
61
222
64
210
65
16
224
61
212
63
214
64
228
69
220
59
217
51
200
50
199
52
198
54
203
60
207
57
224
71
225
60
215
168
66
212
59
227
66
216
57
213
66
226
68
222
57
196
152
53
202
54
204
60
236
85
234
58
208
56
206
59
201
53
228
65
219
60
221
70
230
55
221
62
217
63
246
62
211
277
65
162
208
59
157
243
25
244
60
226
52
219
61
215
51
131
54
220
57
241
64
205
142
212
58
22
54
199
58
203
55
225
69
218
74
232
81
227
75
3
53
219
64
216
72
222
60
199
53
224
67
219
70
232
19
240
180
20
234
83
200
52
22
266
214
56
197
55
223
60
220
62
239
87
243
24
242
58
206
60
213
51
225
52
209
61
218
161
68
48
181
217
73
227
52
201
56
194
243
285
163
275
159
270
21
244
267
163
277
241
158
271
247
272
176
154
240
268
160
273
239
164
282
162
207
279
192
165
219
5
156
179
153
287
198
152
266
188
159
276
157
264
161
280
166
278
139
164
286
154
236
273
150
272
167
269
169
256
170
251
149
171
79
164
1
37
273
230
156
198
251
155
272
157
262
161
285
150
252
167
200
276
166
283
153
0
155
262
193
139
168
208
265
8
221
193
159
281
165
271
167
284
164
253
275
166
197
220
255
20
277
153
284
264
202
273
149
195
231
12
280
258
146
268
168
245
281
188
148
270
158
211
244
279
163
0
205
152
264
19
285
190
142
243
191
276
161
181
158
138
169
203
141
274
179
241
73
40
154
287
151
286
140
285
208
262
151
214
155
282
34
274
168
279
154
283
165
66
2
255
173
257
142
189
140
162
266
173
285
223
162
252
275
167
196
282
149
287
155
264
239
265
94
258
179
229
276
148
280
156
183
218
148
171
197
251
286
262
59
209
160
279
169
194
273
11
270
225
202
282
233
177
221
257
174
234
151
274
164
281
147
286
252
152
278
200
159
269
189
241
270
153
1
165
277
173
151
193
169
195
2
212
168
219
259
185
231
260
221
190
138
267
194
275
156
284
143
202
283
144
250
29
286
249
140
189
261
287
148
264
166
272
190
273
165
286
170
247
278
155
2
140
280
257
232
172
18
241
187
247
22
168
209
280
147
251
276
206
2
257
180
211
263
222
270
157
282
163
268
219
157
206
12
279
146
18
239
145
54
229
78
224
58
210
66
221
56
217
64
209
54
222
172
147
203
179
228
82
230
69
30
267
213
46
214
58
207
65
220
63
210
44
211
61
254
31
188
255
165
247
278
161
284
168
241
190
153
175
284
198
277
156
0
151
241
210
140
282
152
209
181
240
279
248
199
144
285
265
141
281
239
264
98
261
18
264
169
271
148
282
254
145
280
154
269
12
203
274
157
185
142
258
185
111
257
199
140
197
246
57
233
84
232
198
55
215
0
267
215
163
223
56
249
208
264
164
275
160
265
11
199
259
286
150
283
219
15
142
14
143
0
154
192
140
1
167
267
3
195
264
14
231
276
163
280
159
287
142
15
145
251
182
140
162
254
280
199
172
253
221
260
188
242
177
220
259
186
232
256
171
219
270
164
36
279
155
276
168
287
150
284
145
213
246
278
167
273
157
8
158
269
179
139
260
190
49
222
58
217
66
229
83
228
72
220
75
225
57
11
51
196
254
210
45
212
60
205
54
241
89
245
22
143
16
142
284
31
66
270
5
199
146
245
153
281
241
188
259
155
283
163
274
34
287
170
266
242
178
275
169
281
149
206
0
176
201
269
247
212
11
259
26
147
248
271
28
144
238
17
233
76
222
65
218
51
19
221
59
244
56
30
80
230
17
237
78
256
184
261
234
191
102
191
144
286
253
167
277
162
281
146
265
106
268
155
217
189
148
180
247
52
194
50
198
60
200
54
247
63
215
48
16
176
232
66
282
262
214
53
195
58
229
18
181
231
73
223
80
227
63
223
52
202
55
245
26
149
250
104
19
225
269
22
273
30
268
190
227
165
280
248
150
192
226
264
208
139
244
50
90
240
204
267
4
252
223
5
183
250
25
144
15
141
286
145
64
275
158
285
149
251
281
168
271
160
283
168
275
192
212
148
23
142
13
140
204
265
4
156
203
95
179
204
236
162
261
149
189
255
187
259
33
257
32
260
186
250
144
17
55
192
255
279
166
285
184
241
157
278
163
254
171
274
159
202
153
231
189
143
195
147
272
169
278
215
157
250
58
237
85
232
57
218
54
201
58
204
56
240
52
242
176
257
170
255
171
18
63
219
47
211
165
57
208
164
215
65
225
79
228
59
210
55
90
238
174
3
172
277
31
59
235
276
209
236
77
228
54
224
81
226
70
233
20
280
247
27
144
10
262
143
286
146
40
276
158
283
161
282
144
14
162
240
182
220
162
251
59
246
53
230
73
21
56
205
57
193
104
192
223
160
221
186
164
277
210
151
192
147
19
61
207
145
59
216
7
51
195
109
196
54
220
78
227
68
216
160
242
287
195
173
233
82
227
65
248
181
246
27
151
282
170
255
190
267
169
252
173
237
210
277
16
145
1
141
287
158
273
37
148
209
150
42
209
61
203
57
197
113
15
229
46
218
64
171
229
72
167
224
75
40
235
84
230
63
218
152
0
240
285
21
247
1
165
211
12
274
193
161
181
229
8
262
150
172
279
14
271
147
192
255
167
268
214
153
286
142
24
143
249
184
255
180
251
30
254
166
208
140
263
26
252
188
249
157
51
211
266
154
275
26
5
204
7
157
185
253
171
268
159
284
200
140
62
42
279
147
23
143
281
145
285
146
280
170
203
134
278
149
205
185
41
151
252
7
176
251
185
238
213
179
246
4
27
284
172
278
158
264
226
139
188
50
21
241
48
217
256
57
251
174
256
235
255
278
168
5
38
3
158
202
3
223
190
263
161
273
163
262
195
108
194
284
22
101
173
272
164
16
57
221
55
212
148
251
185
241
202
58
200
127
39
238
13
54
16
226
76
221
15
143
18
228
45
147
18
60
203
224
202
176
234
171
148
210
272
156
1
150
24
251
147
185
247
182
242
87
237
53
203
79
223
70
215
56
234
78
226
59
209
65
256
30
145
266
35
147
273
35
163
281
167
266
29
145
229
144
22
239
47
213
52
248
144
193
267
178
243
83
46
244
186
149
245
88
240
53
222
80
235
13
233
59
211
285
252
183
257
193
116
49
21
243
212
233
277
159
253
28
146
250
163
286
38
197
217
5
262
2
154
282
207
165
276
33
264
191
153
43
152
283
149
200
143
264
19
148
48
220
61
225
74
229
261
85
243
20
181
272
196
164
190
248
191
254
188
261
152
235
159
279
171
238
262
34
81
271
203
153
276
167
286
149
42
154
274
38
150
213
16
249
55
157
280
160
199
143
192
232
266
216
245
178
203
173
256
188
265
28
249
146
226
168
263
158
194
272
163
252
88
259
177
89
244
14
161
275
238
174
150
41
277
182
224
268
247
192
103
190
251
54
216
62
210
56
201
230
61
214
51
243
187
207
257
79
238
86
150
228
63
213
65
216
55
227
199
118
17
93
242
164
283
250
153
282
146
23
141
9
257
14
227
58
236
18
284
202
247
184
159
267
166
2
157
275
166
282
150
198
4
169
221
244
195
145
274
159
248
9
222
170
233
79
222
70
199
57
206
265
221
54
190
107
189
259
20
239
170
276
146
284
141
6
254
4
191
25
246
153
280
158
233
268
31
146
16
248
137
218
7
261
196
216
67
225
172
63
186
259
206
170
256
194
174
207
176
89
178
227
9
252
52
228
76
223
50
212
234
44
147
25
231
19
44
241
183
244
23
149
40
151
183
285
169
270
218
265
287
159
243
271
155
275
196
253
20
145
32
255
168
253
61
264
226
174
80
205
59
222
77
202
56
212
49
25
235
157
238
281
193
254
160
1
241
148
181
230
54
213
68
221
71
231
15
112
196
4
231
2
41
284
144
26
150
43
281
156
274
167
202
256
187
253
194
109
197
72
226
201
241
272
12
199
2
43
283
190
234
177
279
19
265
241
22
237
178
240
162
193
260
51
164
201
7
67
220
14
238
267
145
187
164
251
0
111
193
52
218
58
209
245
158
63
222
66
258
31
151
173
149
210
166
271
157
177
234
277
154
1
231
142
200
7
51
239
175
87
231
3
208
168
246
223
193
259
20
149
46
256
175
220
166
193
250
181
247
160
266
212
251
29
144
13
225
82
207
152
89
55
204
130
40
129
279
167
230
262
2
37
160
274
201
251
177
242
48
23
2
247
193
278
162
276
156
283
44
76
156
263
33
270
239
151
179
90
178
271
27
246
183
248
54
217
149
72
198
116
37
247
144
228
80
224
62
245
184
145
238
78
229
57
250
191
52
212
44
150
35
272
174
86
173
255
190
101
285
143
237
21
236
174
286
166
260
224
162
251
148
32
269
146
278
235
192
272
29
249
25
262
199
168
229
52
261
141
210
258
229
275
241
88
244
194
106
188
285
176
213
242
271
240
44
155
269
20
54
32
54
237
152
48
214
62
172
212
239
268
149
230
154
41
13
278
160
253
154
281
36
157
241
266
206
272
34
145
262
24
148
249
206
4
142
12
231
206
54
206
139
204
84
170
283
216
16
115
37
9
230
79
39
13
221
148
74
198
263
206
279
165
246
180
242
15
161
0
195
260
212
167
280
149
274
139
162
244
269
18
180
250
287
189
145
263
55
222
16
114
36
231
168
145
67
215
57
209
8
97
185
237
20
146
39
275
239
11
251
9
273
171
255
12
238
215
181
160
241
61
247
171
85
228
160
71
194
135
206
134
11
234
76
225
58
215
56
252
161
187
257
205
145
27
264
287
46
161
201
166
216
13
229
254
67
259
150
271
162
51
244
191
222
249
48
151
267
30
253
158
261
23
241
176
88
177
240
19
264
59
204
128
203
230
56
226
9
51
219
159
266
214
45
285
36
148
219
156
43
183
278
39
131
40
251
187
244
179
91
181
258
140
244
164
253
43
147
16
227
167
219
57
201
123
37
118
34
261
192
110
14
263
232
204
281
204
249
140
235
194
257
66
218
73
229
257
19
144
260
287
201
252
8
221
170
2
153
181
211
232
92
39
279
178
233
148
207
258
176
255
4
29
49
189
147
242
195
255
183
239
55
217
47
195
247
155
196
110
188
259
66
43
15
52
218
8
223
65
252
226
82
210
54
245
277
166
228
15
254
185
235
56
220
5
250
179
144
248
152
280
197
162
272
219
52
149
22
141
7
197
173
140
180
226
246
18
145
33
287
153
267
14
220
165
285
19
258
154
30
283
249
225
152
47
150
18
142
281
161
212
157
250
159
9
53
247
89
180
236
173
287
147
36
273
13
279
40
285
102
184
41
243
282
204
179
137
259
49
151
202
282
43
210
57
214
52
250
193
148
266
158
252
210
282
171
285
194
245
61
223
78
232
56
216
173
67
194
258
183
235
20
249
141
13
236
173
82
166
229
86
208
60
243
90
207
136
12
252
155
261
174
278
177
239
191
7
269
29
283
128
39
121
36
112
191
274
170
87
173
279
38
147
14
276
160
243
276
176
201
257
29
254
159
209
1
114
37
151
211
186
144
46
211
63
224
66
256
17
117
35
245
181
139
282
15
146
26
148
247
274
242
185
234
186
241
280
168
196
230
254
114
45
159
184
252
53
25
151
270
236
156
251
2
205
156
272
238
76
150
200
120
35
145
31
267
165
211
264
201
127
56
29
53
164
249
270
24
277
249
155
175
257
47
68
156
245
57
204
78
156
201
84
172
280
164
276
144
20
243
148
179
281
234
257
209
263
285
246
56
222
69
195
142
191
108
192
259
238
72
223
68
214
12
230
85
173
79
267
152
194
277
40
282
141
271
156
42
132
205
265
81
225
163
251
151
42
283
202
78
172
285
142
210
83
168
143
229
61
255
226
143
239
197
0
110
190
240
176
199
174
152
244
182
149
244
55
20
245
156
259
159
251
21
74
37
14
244
224
74
219
14
111
199
128
197
233
260
8
52
207
56
227
17
146
27
251
231
146
32
154
263
216
171
82
240
176
197
219
253
189
154
50
193
105
194
147
237
275
8
29
180
92
33
229
81
203
2
208
1
225
264
231
144
216
278
198
169
280
37
117
38
248
185
245
63
239
180
141
258
7
28
285
209
269
219
245
218
198
57
214
66
7
202
125
194
247
50
17
116
36
276
40
278
168
251
87
241
287
265
34
154
278
16
242
150
30
271
161
215
269
150
39
236
71
222
160
285
168
286
247
179
243
188
260
203
255
76
218
18
56
213
192
142
171
211
45
286
104
187
99
284
184
161
140
197
219
183
159
251
157
44
284
170
86
172
216
268
192
253
13
143
46
148
29
0
201
80
160
15
248
224
2
141
243
58
245
280
195
281
239
152
24
149
48
3
270
113
35
265
237
182
235
149
269
170
81
235
77
225
11
238
177
256
27
267
237
140
164
247
197
51
189
109
186
260
233
88
205
133
41
134
203
82
231
267
224
51
214
13
252
30
147
231
271
215
262
153
45
150
207
247
155
1
198
161
74
248
193
268
237
80
169
283
39
280
124
37
274
150
206
260
7
233
173
149
211
64
279
84
231
169
60
171
228
66
36
10
197
162
285
259
83
254
175
244
199
259
31
281
148
43
214
54
204
61
251
55
201
249
160
272
8
239
13
253
162
245
90
246
170
229
10
250
190
225
182
94
181
251
152
268
189
232
75
253
29
151
275
21
41
146
33
7
275
117
199
285
241
186
240
151
182
22
142
167
196
68
258
48
212
242
272
57
248
218
189
264
56
200
121
35
276
225
144
178
200
53
249
168
282
160
253
53
217
44
13
265
109
2
171
252
6
50
156
190
247
64
219
170
66
243
54
203
165
84
209
62
160
205
231
256
221
73
226
139
165
241
18
257
200
129
196
244
163
281
36
111
189
125
192
264
146
273
153
48
150
31
270
221
186
165
284
157
42
285
139
208
138
282
143
45
255
15
234
136
184
236
52
216
47
1
228
190
260
24
144
259
6
223
66
258
230
1
169
255
10
222
56
200
176
234
19
173
222
7
199
171
87
240
179
242
12
40
282
158
194
246
161
222
252
13
228
174
85
206
284
236
14
233
77
167
86
249
204
139
199
150
279
42
280
127
198
241
270
16
232
170
192
161
251
186
155
43
130
39
120
38
282
184
148
28
66
164
285
147
40
281
255
113
179
237
183
159
249
9
98
186
52
9
99
10
225
173
253
59
203
263
151
46
147
249
63
231
173
0
198
226
79
168
286
39
81
232
138
208
36
60
214
162
247
158
47
8
220
52
195
277
204
243
269
197
146
197
70
225
178
227
167
270
29
256
2
196
267
154
44
287
108
193
260
1
206
249
7
40
157
242
65
257
189
70
220
66
233
141
187
111
34
263
56
209
53
215
54
253
205
5
49
152
27
264
149
275
162
232
89
160
247
287
208
58
251
160
194
126
202
126
197
277
249
273
23
82
165
217
254
170
3
200
122
194
253
57
31
276
227
145
23
246
266
0
142
273
192
109
191
53
188
126
191
231
84
227
67
218
50
222
262
232
15
116
33
91
245
149
36
246
51
14
141
60
248
176
4
46
198
248
143
279
153
269
30
255
66
162
191
224
183
150
248
212
259
1
243
183
228
167
82
234
180
241
264
39
286
254
285
195
1
45
217
154
185
215
48
164
83
241
217
156
258
11
33
273
27
6
268
147
168
189
129
203
261
140
279
214
170
141
268
225
247
65
212
86
175
277
21
224
69
227
76
9
203
258
212
268
25
114
4
271
20
247
199
77
239
219
252
156
262
20
254
177
232
36
282
193
107
43
195
130
199
80
264
201
154
48
216
237
175
283
162
191
230
143
231
0
103
10
53
261
194
51
11
54
75
221
67
187
231
163
260
188
158
43
278
153
176
87
233
181
270
149
17
119
35
283
167
17
240
61
206
135
41
282
170
79
258
188
252
232
54
9
219
156
243
220
172
3
226
85
208
125
186
235
215
243
14
258
220
168
254
164
251
226
148
184
109
188
238
176
265
28
145
222
47
215
13
220
45
157
248
140
206
80
162
72
224
183
160
267
246
189
257
204
136
200
55
214
60
155
46
106
189
227
72
164
245
143
262
33
148
175
279
37
110
3
45
159
221
61
250
168
81
237
283
260
152
191
144
211
88
174
280
65
42
128
201
122
277
192
256
212
262
58
266
153
252
195
255
210
178
145
205
235
181
157
245
60
3
210
141
16
144
245
146
225
180
228
200
260
50
14
143
234
74
28
267
20
179
229
157
218
13
238
38
113
1
195
270
100
250
47
26
71
219
178
155
50
259
153
31
84
173
3
155
245
135
191
103
188
50
182
269
200
147
34
115
36
275
115
17
143
208
273
16
37
71
47
149
213
53
196
113
266
29
273
112
2
46
152
198
267
247
167
230
83
235
60
251
188
150
208
7
63
27
251
189
234
141
242
194
280
205
132
39
129
276
255
193
254
76
231
88
172
285
91
40
231
276
149
249
59
224
266
207
139
196
259
201
238
164
224
181
234
144
178
208
155
219
187
157
188
112
35
271
140
198
274
10
233
171
80
233
150
206
229
173
80
240
54
16
215
245
188
252
168
78
257
191
142
211
186
105
178
19
101
269
190
124
201
55
248
63
155
176
280
34
146
236
284
166
86
235
17
257
60
238
175
224
82
169
189
227
15
262
241
263
157
244
62
250
145
204
242
194
140
213
59
266
25
150
248
189
166
253
12
208
87
6
246
266
213
190
129
198
233
183
220
158
219
64
223
162
69
231
189
256
194
280
193
144
206
254
6
28
276
247
90
33
281
216
142
272
252
184
249
162
139
192
49
213
55
205
137
207
57
264
20
254
58
248
163
16
116
274
114
43
2
167
84
228
81
181
151
55
196
6
249
146
37
286
169
240
191
272
204
233
18
230
147
172
283
171
231
178
142
162
184
96
8
198
133
195
56
199
122
34
272
145
25
263
150
191
54
32
9
237
273
243
64
277
10
214
52
245
0
47
73
249
194
241
55
232
79
236
12
201
246
61
26
73
222
173
206
165
242
190
245
154
251
286
22
147
32
282
126
186
253
175
153
49
74
245
151
22
262
202
232
17
165
74
254
228
176
84
161
210
283
18
52
244
155
265
152
216
63
212
59
242
197
261
32
258
280
232
173
78
225
185
109
190
130
197
1
241
281
255
193
141
280
41
61
16
41
251
160
276
193
271
24
111
37
275
25
143
250
148
265
206
56
224
9
251
155
194
283
35
159
241
187
51
149
189
251
183
95
181
90
170
217
125
184
281
140
3
45
284
38
274
172
83
248
166
3
249
199
135
201
261
78
171
287
195
143
240
192
152
37
0
46
176
155
40
115
197
267
189
100
285
200
156
268
19
177
227
184
242
207
161
63
217
55
219
157
63
8
276
252
51
6
198
260
204
131
194
264
22
42
2
200
157
199
72
27
149
249
90
244
193
171
280
143
199
136
244
2
218
63
238
270
16
273
127
38
146
271
149
182
210
45
213
61
41
244
180
237
276
150
204
174
239
163
71
192
140
247
7
49
191
255
11
54
261
187
248
1
48
221
185
255
12
239
259
23
251
169
201
284
32
92
247
159
64
256
77
226
182
61
208
141
272
69
221
52
17
262
24
53
150
266
140
205
139
245
213
269
202
235
175
229
80
226
163
245
27
271
115
15
263
160
245
173
225
253
195
165
85
172
99
171
139
240
16
256
141
201
140
203
237
139
240
180
282
72
283
39
119
198
124
187
239
273
161
222
165
75
229
87
241
221
51
184
258
18
249
139
195
279
44
4
199
159
228
168
88
175
196
142
245
59
252
167
285
43
135
202
245
150
270
33
11
231
260
150
241
215
145
265
224
244
1
244
164
68
161
261
22
271
204
226
169
192
274
32
87
169
207
58
246
149
39
0
245
167
80
225
64
248
51
190
156
236
16
230
19
181
212
6
190
108
187
127
196
276
24
146
247
24
70
195
113
44
151
215
49
150
268
17
229
182
271
32
278
42
152
277
208
185
238
197
286
237
177
87
174
282
30
55
224
136
240
151
47
4
115
39
123
277
180
201
141
247
193
147
270
33
89
230
162
201
263
21
261
102
269
148
21
179
220
65
217
12
263
147
195
250
13
55
243
19
176
273
140
286
41
112
13
254
171
43
212
146
29
78
161
218
60
157
246
149
192
223
57
151
265
158
204
142
246
147
250
27
72
279
39
250
56
233
274
250
91
234
87
63
162
220
261
240
140
214
191
259
207
142
264
58
215
44
137
199
220
160
264
235
267
226
83
232
180
218
165
225
54
203
277
244
135
206
138
237
184
206
262
196
242
166
76
236
33
154
206
276
140
187
49
250
8
231
78
40
287
102
181
93
34
244
13
221
174
231
86
240
15
62
223
74
27
266
20
283
236
61
244
161
200
253
25
69
149
175
211
239
141
193
132
203
127
189
260
214
15
237
153
248
144
204
262
22
68
166
254
187
257
57
154
43
111
3
197
121
195
126
41
281
31
272
119
199
268
100
10
273
252
10
202
282
204
53
194
139
190
268
109
33
58
208
138
217
242
176
223
81
173
234
191
133
284
98
183
219
244
150
243
163
82
159
46
286
195
282
37
90
282
252
164
73
225
190
46
241
205
255
287
227
202
59
248
208
149
214
63
206
231
35
91
247
145
14
260
225
174
284
39
277
130
197
138
234
200
262
54
154
251
212
246
287
52
189
141
214
167
285
170
279
224
77
230
64
217
57
249
202
57
200
3
192
170
80
229
13
229
208
287
210
146
231
169
79
227
165
278
38
274
196
153
54
12
269
140
195
243
190
250
151
24
244
204
129
283
196
239
182
248
158
215
62
255
213
9
198
248
184
280
193
106
191
144
265
19
247
15
267
65
41
209
267
149
242
191
155
280
35
146
169
281
242
286
56
251
76
178
239
158
60
241
261
198
120
278
39
65
38
287
107
23
241
142
221
160
69
223
179
235
173
284
43
151
268
169
227
259
188
253
17
57
216
61
245
11
256
31
73
25
269
194
129
202
261
2
198
275
128
195
54
219
58
206
3
24
56
203
5
45
111
190
134
201
178
278
196
66
249
152
287
177
151
206
248
28
256
181
209
241
162
70
26
268
29
249
148
231
162
212
252
75
233
19
271
221
199
123
40
132
196
166
1
34
94
39
241
156
50
192
260
195
223
137
193
114
15
220
53
245
4
203
254
169
89
246
93
173
65
165
81
239
150
176
45
245
159
246
13
268
29
71
220
183
245
148
40
280
43
131
200
236
140
230
188
142
186
152
54
218
184
48
213
141
5
245
137
195
172
79
161
213
171
232
20
261
139
205
287
59
210
266
151
32
269
110
13
230
168
226
248
204
139
192
230
176
282
27
253
14
262
152
242
203
149
204
87
230
13
259
21
63
22
237
139
190
224
169
226
178
257
219
173
237
194
229
286
103
270
116
38
151
233
1
201
53
251
153
241
147
185
256
172
143
19
207
55
263
141
187
45
152
190
217
50
191
124
196
141
225
203
136
189
112
25
256
78
228
9
199
248
160
84
243
145
171
151
26
244
54
191
107
40
199
127
278
214
143
51
8
256
45
3
200
141
209
61
215
162
222
171
284
158
49
252
28
150
57
221
10
198
117
15
164
217
267
206
234
89
172
252
154
49
3
41
252
156
231
12
273
37
149
257
198
53
212
62
183
139
200
157
265
101
0
43
143
187
258
202
133
192
244
144
196
275
113
46
110
186
257
236
205
57
247
161
67
226
141
237
272
226
276
37
285
255
198
227
135
190
261
220
18
100
264
26
281
254
199
282
24
189
262
229
202
271
220
171
81
169
85
33
71
165
238
147
274
115
45
2
197
54
197
250
152
259
197
122
200
229
77
255
44
117
33
56
156
247
6
96
250
60
37
58
31
206
144
18
267
150
210
146
240
64
218
158
237
175
231
198
272
69
25
72
161
268
212
46
284
261
19
245
92
35
279
194
134
222
197
222
257
5
209
249
142
182
140
193
55
203
76
172
234
174
236
204
10
233
153
217
185
243
78
163
223
249
182
124
203
78
230
81
259
19
60
242
88
280
32
259
190
231
171
198
139
189
265
224
267
30
74
231
140
270
21
180
225
68
199
176
222
188
49
253
207
59
246
151
56
14
238
208
258
15
271
192
103
186
128
274
26
145
248
37
91
171
286
42
281
69
156
240
217
163
66
24
156
216
53
248
214
263
204
259
190
140
168
213
267
162
221
246
61
228
178
236
187
249
203
7
97
9
53
217
260
203
243
148
48
155
57
16
245
274
225
259
197
254
31
83
227
64
254
171
282
242
141
185
253
281
219
49
6
200
125
41
92
31
283
195
285
44
162
281
90
231
183
104
191
273
115
269
28
281
196
57
208
140
247
286
196
245
279
193
146
248
56
255
197
131
202
265
220
168
195
116
45
148
263
23
184
246
181
22
275
38
118
271
224
163
141
188
257
48
110
191
235
203
8
212
258
236
147
33
279
20
276
39
237
173
215
12
55
200
224
11
226
155
58
205
272
243
2
172
146
287
100
263
153
50
213
168
148
248
90
177
232
7
201
275
34
149
206
240
181
137
220
164
82
170
231
17
147
266
13
199
132
191
51
113
193
126
38
3
169
245
200
264
163
275
255
99
262
201
166
228
164
69
27
147
244
159
205
273
201
130
192
230
256
219
59
211
62
22
261
16
284
196
249
95
175
255
213
158
250
53
17
270
112
47
3
198
8
249
145
60
255
172
256
76
29
286
101
176
226
202
53
218
14
240
152
221
65
168
199
76
229
194
138
191
109
252
184
223
13
210
272
28
73
32
70
234
88
243
284
182
143
231
200
171
220
188
250
194
153
25
265
21
248
154
214
255
166
221
270
163
238
151
45
218
280
197
245
1
203
52
206
269
15
101
251
30
258
192
241
201
137
188
64
216
153
44
156
229
287
200
253
169
78
253
9
205
269
111
273
35
87
167
85
259
227
173
209
283
40
93
32
153
261
55
10
264
176
3
244
145
268
195
110
2
48
179
1
247
219
68
157
259
17
240
60
210
259
143
185
50
196
119
34
278
40
114
46
4
197
263
54
185
140
190
245
139
186
249
150
214
150
243
140
161
193
135
205
225
168
191
162
276
235
15
233
207
247
151
212
233
173
244
156
75
25
245
12
234
162
276
192
136
42
1
198
118
42
158
229
84
174
232
59
217
159
224
246
3
171
230
179
228
140
272
204
175
144
23
273
194
127
185
227
253
189
142
262
56
24
269
160
60
211
145
247
36
230
17
249
199
51
157
206
276
120
195
125
280
19
235
156
57
240
14
257
184
207
57
206
254
63
166
269
246
91
251
199
145
242
61
20
147
261
226
187
231
79
30
256
202
172
223
19
282
194
261
142
260
23
74
163
142
169
192
128
202
237
148
176
227
54
194
255
29
70
35
68
2
196
135
189
266
246
16
263
9
229
82
239
141
234
90
40
4
244
160
140
216
46
158
267
242
73
228
87
179
213
164
279
200
124
208
172
231
83
238
134
193
141
183
279
251
25
152
60
18
260
10
272
101
17
242
264
218
55
262
204
256
58
210
261
193
275
129
184
140
209
158
66
281
207
6
45
158
270
154
219
65
22
269
168
282
254
201
250
29
267
109
193
139
186
161
188
52
190
257
9
273
162
71
31
268
14
237
177
141
236
190
113
47
187
248
223
174
210
0
261
198
55
242
183
217
62
238
82
170
69
33
276
161
241
142
279
221
181
144
234
12
253
18
242
216
158
228
190
254
213
254
57
226
171
144
280
163
188
123
197
258
16
278
232
76
224
166
227
175
196
220
64
173
282
42
5
202
248
138
199
10
254
65
185
223
2
200
133
204
148
35
272
114
276
217
56
130
183
247
163
224
269
153
56
261
15
55
157
199
250
149
262
8
270
192
111
48
151
245
157
71
27
275
39
285
199
110
50
88
242
89
34
271
117
45
282
17
120
199
256
176
283
200
142
237
166
73
24
187
225
252
279
257
6
248
151
60
33
228
165
78
235
206
60
217
155
248
200
169
84
237
271
225
187
125
199
272
246
15
46
219
167
223
253
194
286
105
271
144
263
284
16
60
21
181
278
234
212
150
261
203
247
139
197
278
250
150
40
121
198
148
286
24
110
268
193
129
55
191
53
137
206
264
101
44
160
77
253
155
210
238
158
80
258
189
50
7
264
24
70
31
274
166
243
211
154
244
141
192
233
157
239
179
287
241
148
200
9
52
161
249
153
196
275
35
62
208
232
21
273
36
1
242
22
145
180
150
173
216
248
165
278
30
239
61
212
49
189
252
50
224
10
203
139
209
265
145
187
138
204
232
178
152
59
208
245
182
232
91
39
246
166
189
47
173
234
171
77
28
266
230
17
235
273
110
195
274
199
134
43
287
172
221
66
27
271
68
163
81
174
238
212
58
220
169
2
227
207
155
49
8
254
16
235
172
92
249
144
222
64
249
19
172
82
28
0
204
262
140
246
210
6
156
218
59
251
97
178
215
59
18
165
276
194
122
36
69
280
142
14
264
202
141
172
229
191
125
193
159
278
37
75
31
3
196
260
11
198
53
223
54
229
266
100
45
156
253
163
188
214
140
267
202
144
189
131
192
52
187
256
187
257
207
234
80
168
86
230
278
23
60
158
212
280
231
56
194
107
192
113
273
236
203
4
48
186
259
206
14
113
187
224
247
94
248
17
241
279
12
227
71
35
63
259
215
249
141
243
198
138
240
206
181
126
196
282
69
37
274
26
190
143
207
7
206
255
78
27
269
198
252
211
149
237
82
259
221
194
141
182
147
31
255
201
229
188
140
186
114
44
20
249
61
219
159
70
25
284
163
195
241
12
47
153
215
168
142
274
34
3
201
240
22
262
220
240
18
176
218
48
185
254
169
137
192
152
41
281
40
284
140
260
13
275
29
72
225
175
236
211
188
133
185
147
242
141
209
57
230
15
56
196
271
233
6
199
140
173
213
184
244
165
145
183
68
39
19
180
243
146
238
203
133
203
58
169
216
268
140
60
167
147
180
202
54
202
155
88
246
145
19
257
61
210
257
185
46
172
257
201
10
261
199
277
38
119
197
116
272
33
74
233
211
15
203
235
187
158
205
154
56
152
281
235
87
162
224
5
35
88
178
215
248
141
195
50
216
149
282
250
194
128
200
234
156
267
4
225
201
245
86
165
77
227
6
170
199
142
239
154
218
242
0
45
247
144
172
138
218
65
226
162
279
239
22
59
35
13
205
252
159
222
168
82
227
173
253
202
254
186
129
189
235
277
157
258
233
176
20
274
162
214
142
204
162
242
19
57
13
265
6
239
267
26
278
163
62
21
256
224
197
227
168
1
44
282
93
249
140
181
217
52
224
73
34
95
248
91
165
272
112
194
121
201
225
174
139
206
136
187
252
164
277
31
85
233
158
62
248
23
263
205
284
28
64
255
14
233
161
220
254
12
257
11
279
139
191
264
99
207
138
195
111
274
20
248
101
268
200
50
184
142
175
287
196
5
39
68
45
160
46
154
242
196
122
39
73
170
227
179
275
140
206
227
191
275
195
244
0
159
263
102
43
115
38
6
233
40
63
30
270
190
253
87
246
195
284
163
217
173
143
272
20
0
260
191
244
162
219
60
212
47
247
142
191
249
9
276
127
192
259
79
229
88
219
169
214
10
200
228
8
267
16
118
197
125
38
283
41
66
161
225
166
72
26
81
238
155
217
67
20
40
276
158
246
204
55
156
237
191
211
58
205
140
183
131
195
278
28
75
24
0
140
241
199
51
8
98
258
217
165
225
180
147
28
285
251
75
231
133
208
244
267
177
199
280
17
284
37
71
30
273
32
270
111
201
10
249
144
203
263
207
278
243
12
237
187
140
175
208
149
228
88
230
184
250
151
206
268
223
281
89
41
62
218
162
141
211
231
0
20
178
91
32
257
236
194
147
177
140
200
135
192
126
194
55
14
263
236
169
141
176
235
201
221
53
213
147
247
149
245
187
244
57
263
164
143
210
231
183
254
198
109
51
7
251
226
10
268
222
1
23
109
269
215
188
165
83
206
141
171
232
18
263
26
76
35
286
197
251
275
19
66
220
160
250
203
139
246
158
179
236
139
205
279
69
38
249
82
36
274
28
285
238
6
214
180
96
182
146
189
286
91
260
141
236
186
255
17
217
58
156
273
6
258
191
265
153
210
60
137
185
243
177
216
184
253
98
179
148
240
168
208
276
19
254
27
57
203
282
240
84
164
225
187
243
139
244
142
193
246
197
120
273
200
221
251
189
132
201
54
13
237
197
117
41
102
266
101
263
149
25
113
52
198
2
206
262
6
226
75
167
216
62
254
287
247
183
50
161
245
194
124
199
1
27
60
37
147
15
282
213
149
201
256
3
222
251
147
175
234
263
189
248
211
266
17
58
253
199
141
176
240
58
221
275
9
197
271
100
284
215
160
63
24
61
27
148
240
209
140
278
18
57
202
154
259
91
231
204
60
219
64
215
152
188
252
219
267
195
136
197
262
53
190
138
247
4
31
268
114
48
183
207
145
171
65
33
281
64
39
13
226
36
7
257
208
1
197
9
45
216
50
157
77
223
165
244
188
111
191
144
211
260
186
146
40
71
28
268
217
56
191
127
181
158
279
215
150
246
60
213
178
243
140
234
84
32
66
220
9
57
205
134
187
257
30
146
25
281
250
194
137
231
158
184
148
205
246
162
239
275
35
81
231
211
265
169
2
195
258
195
259
9
218
157
247
136
210
145
210
236
190
102
44
18
247
193
274
113
16
257
194
234
282
22
73
29
59
38
166
217
279
30
268
208
143
174
226
140
202
262
21
64
34
70
164
211
155
73
158
272
8
227
200
167
3
271
25
45
198
236
143
173
228
144
195
123
200
1
232
258
11
270
141
175
196
0
241
208
60
210
143
242
8
266
22
61
214
172
145
165
204
253
166
228
188
130
214
287
240
143
192
51
10
253
76
24
71
159
72
32
86
232
209
59
219
13
231
141
184
248
98
43
71
223
4
198
254
109
12
264
207
140
238
153
217
168
144
206
266
149
250
55
263
1
244
215
155
231
77
234
9
44
10
251
25
61
218
192
275
24
3
46
115
267
216
56
188
155
39
276
29
185
250
228
203
11
253
233
170
144
221
190
271
33
3
257
179
151
171
84
242
216
161
186
238
185
23
242
181
141
198
259
4
116
196
121
199
127
195
271
142
194
241
178
152
58
252
17
285
197
270
104
177
224
204
135
186
223
260
16
100
262
198
5
200
163
213
0
253
205
253
65
166
212
156
25
280
67
31
269
20
276
242
143
176
235
91
52
243
222
159
65
222
187
50
9
250
59
206
141
229
201
233
201
4
266
161
254
204
137
247
4
28
60
254
218
13
256
61
208
139
182
148
22
272
126
200
249
147
167
189
139
256
200
139
229
262
16
148
259
224
202
7
263
196
283
34
286
198
12
271
243
18
239
284
256
285
202
130
193
143
246
79
234
7
199
3
39
59
225
179
89
13
205
276
235
174
148
47
2
264
97
8
193
252
160
74
29
280
68
29
271
113
49
181
152
245
274
213
63
37
274
161
214
244
205
242
277
36
193
258
185
229
253
202
127
37
277
170
230
207
256
76
28
287
204
270
110
194
145
195
234
59
168
144
175
219
270
6
252
1
206
10
52
186
241
182
246
187
132
194
51
260
53
192
124
188
166
207
143
233
39
8
261
201
11
210
62
215
52
199
245
280
26
66
37
6
47
161
279
85
238
216
154
180
90
34
71
161
221
138
162
191
251
271
99
17
280
164
186
140
160
246
146
166
226
168
281
20
259
204
141
200
54
256
9
224
168
139
184
232
87
262
15
228
279
36
70
282
238
195
119
190
25
55
8
77
166
197
279
168
248
274
140
209
262
141
237
284
42
185
161
13
219
240
213
181
149
213
244
179
239
187
152
64
257
286
35
57
37
59
227
185
125
40
168
225
14
263
196
234
140
285
148
41
70
21
0
267
108
196
3
253
195
55
220
159
51
111
251
167
224
65
190
254
188
128
196
52
206
258
22
63
43
157
253
92
248
7
266
212
14
253
188
146
250
162
52
200
257
199
8
236
177
142
197
114
14
239
175
216
13
261
19
69
198
178
140
217
147
170
202
0
195
227
275
235
191
230
202
13
145
195
279
31
74
38
0
243
59
164
213
150
241
85
30
277
27
265
102
177
144
59
159
221
248
207
136
191
1
255
203
245
2
242
285
206
254
30
75
159
229
209
62
38
99
259
188
219
138
245
195
224
204
171
237
199
287
260
285
25
81
264
24
80
232
139
172
152
205
185
255
198
7
199
264
11
253
201
271
155
235
140
180
235
57
210
144
183
143
165
67
258
30
287
196
284
29
273
37
276
255
166
227
172
59
212
261
223
174
145
261
52
222
10
231
85
251
64
213
162
56
204
132
194
230
150
173
100
267
14
41
9
37
165
194
242
191
260
2
202
232
148
211
178
18
239
154
58
30
149
177
47
0
255
16
103
189
239
137
241
198
168
140
210
142
166
190
250
4
260
199
279
33
69
26
78
158
216
59
247
198
122
195
144
278
196
228
89
243
142
162
237
268
139
259
203
56
207
60
32
64
163
202
276
35
55
215
46
280
196
225
9
250
197
8
235
188
138
201
5
246
205
263
3
48
187
230
254
7
51
201
252
160
70
28
270
220
68
31
61
41
0
264
285
242
151
177
241
146
218
179
244
147
240
83
173
153
55
252
174
230
19
40
226
84
260
83
236
144
214
60
161
277
184
256
188
51
13
57
220
55
205
146
228
140
248
97
257
199
0
104
188
248
139
175
85
45
161
69
30
272
197
127
190
48
112
274
129
201
286
22
183
277
200
53
196
143
183
247
143
207
238
21
275
63
211
139
173
88
236
150
29
266
13
253
286
204
280
12
46
116
41
278
25
274
196
138
185
145
227
4
168
140
232
9
203
54
192
138
205
250
185
49
157
214
148
236
262
18
282
169
232
12
229
171
147
181
245
1
200
52
31
271
222
180
231
138
206
15
279
11
216
48
10
213
249
91
34
63
171
217
177
240
81
33
59
20
62
259
219
164
250
90
13
241
192
122
279
43
286
251
206
148
187
144
246
191
131
203
141
179
236
60
25
3
244
167
280
87
31
66
159
272
27
115
196
117
16
219
269
2
199
260
5
249
167
78
226
164
144
17
258
198
142
192
220
63
165
283
200
255
184
149
237
178
243
192
26
272
190
146
172
201
10
262
197
6
273
37
76
41
6
231
89
37
281
209
155
195
54
124
197
248
99
268
3
218
194
135
197
133
40
64
174
142
202
280
247
93
177
157
217
154
252
181
60
249
219
45
8
276
17
176
227
141
164
205
238
281
200
11
216
57
35
149
169
225
140
259
10
230
140
242
145
203
265
23
72
33
270
155
193
138
189
259
284
237
161
206
8
215
56
21
260
187
142
196
51
71
25
0
268
116
198
233
138
202
256
195
129
187
249
75
27
65
39
275
160
50
6
198
262
80
34
282
235
85
166
252
186
233
140
239
202
270
156
185
153
213
242
10
198
284
194
236
277
29
83
33
55
206
145
191
143
190
261
12
213
254
99
263
58
199
161
243
138
186
248
215
236
177
155
182
213
170
2
33
67
157
184
99
260
32
269
7
95
246
283
198
278
26
65
220
64
165
252
229
186
51
163
251
189
254
12
223
56
198
256
3
207
58
203
262
147
188
105
185
150
215
17
57
26
53
114
47
174
232
255
208
172
249
0
260
207
141
175
238
209
143
172
231
149
211
279
202
175
219
240
141
201
9
273
224
71
38
280
24
147
213
181
249
17
178
144
242
19
59
212
51
194
119
192
257
79
158
55
206
266
26
276
128
203
0
140
262
105
191
247
139
176
209
152
57
207
252
205
12
212
159
60
214
61
39
287
45
197
287
243
217
194
111
2
258
186
143
12
55
226
15
282
256
14
269
115
47
69
28
249
207
187
143
228
167
192
144
236
81
226
8
227
268
9
255
197
2
207
181
216
132
197
248
221
162
35
277
196
252
189
145
174
224
144
245
179
150
170
256
148
180
211
240
285
216
253
183
123
198
9
49
193
146
185
51
112
192
137
203
248
139
177
18
70
47
13
223
9
44
64
29
77
169
249
59
263
216
266
103
22
75
223
144
211
157
249
206
164
282
195
169
202
4
263
98
252
7
200
142
199
129
205
261
86
34
271
3
31
55
13
257
209
267
142
234
279
157
213
62
30
7
267
175
155
267
215
189
25
74
35
61
217
156
59
39
278
192
245
88
162
204
134
202
276
38
67
24
4
141
196
137
230
207
284
218
255
114
273
195
249
192
156
49
217
264
27
70
37
13
254
234
281
153
213
155
246
0
92
235
187
215
152
214
192
237
266
227
198
8
201
9
222
201
145
214
176
212
1
185
144
194
280
223
140
233
281
203
282
165
270
231
142
208
244
0
44
159
185
139
207
136
234
6
201
52
15
255
188
241
197
224
198
131
186
257
222
284
199
286
19
236
148
209
182
138
184
154
53
189
108
22
277
201
126
210
60
40
286
239
204
264
79
165
73
43
15
238
80
30
274
203
146
170
203
256
226
187
42
99
179
18
273
33
225
65
255
275
15
264
140
191
147
168
283
240
201
12
242
176
212
263
238
210
254
168
231
251
273
34
75
170
202
248
209
240
140
189
150
177
205
10
230
144
229
15
54
204
59
17
171
232
141
241
192
123
177
4
29
269
218
60
277
168
84
28
275
246
148
172
202
11
201
265
100
255
163
193
118
45
70
30
252
185
256
193
53
10
218
156
250
194
136
199
144
171
46
66
220
59
211
7
233
171
225
274
249
211
1
259
219
160
208
13
222
189
149
33
274
194
130
204
56
31
0
219
268
154
198
145
192
260
282
38
129
210
44
283
238
196
285
218
174
250
187
258
12
89
280
165
142
180
139
192
50
12
113
272
35
72
28
57
210
232
141
166
217
141
222
191
253
94
174
237
10
266
2
201
135
206
261
208
151
59
244
285
36
238
7
268
245
208
263
142
246
63
159
218
261
206
172
228
141
173
46
17
269
143
241
203
249
152
246
270
196
142
209
247
267
214
50
8
260
201
254
6
206
147
190
125
201
55
154
231
176
151
251
223
186
24
263
219
48
24
68
266
156
194
143
179
149
251
96
266
19
253
278
194
248
190
160
138
198
110
22
76
32
82
260
190
144
209
58
25
0
198
246
208
2
270
7
198
146
181
153
187
143
257
93
33
54
195
229
178
157
228
189
249
186
139
238
280
15
64
21
61
207
236
16
160
216
55
32
275
251
188
151
215
63
24
1
168
229
207
6
257
31
60
166
186
140
208
5
255
2
197
242
220
158
220
51
222
162
210
248
200
3
199
3
204
4
207
139
195
53
13
213
259
86
233
174
217
263
200
143
197
129
192
121
200
286
223
255
196
111
13
259
217
60
153
213
248
4
76
167
228
266
219
159
211
253
202
223
272
23
58
37
68
281
167
212
237
146
192
150
212
245
189
140
242
287
256
60
36
278
67
43
10
212
63
19
54
201
142
183
205
252
0
20
239
142
205
136
203
246
180
227
196
147
191
135
235
58
214
56
201
51
195
112
14
247
214
5
47
162
211
166
139
197
139
224
8
220
2
244
85
28
65
154
186
50
13
267
223
3
58
216
259
186
148
190
152
207
172
235
213
10
203
278
237
277
227
143
216
12
225
4
197
282
17
261
101
285
256
96
249
154
210
265
26
248
283
205
55
155
284
234
258
185
158
182
21
275
191
219
181
245
141
285
32
68
27
73
36
273
222
160
68
226
14
222
70
20
284
264
212
146
199
2
251
279
231
176
88
253
195
155
201
253
20
48
152
179
216
147
171
210
14
229
141
200
137
237
193
104
20
263
206
140
192
252
9
199
143
202
286
203
287
195
247
4
203
142
191
217
64
43
149
178
235
208
228
257
214
53
33
153
61
29
9
236
139
208
259
200
161
250
6
249
198
11
219
245
15
47
1
215
177
269
191
243
143
206
4
95
266
114
191
146
167
279
196
118
191
167
253
170
285
194
116
267
89
233
204
142
185
230
209
135
203
139
176
218
134
207
157
69
6
232
3
175
87
176
234
183
147
178
239
193
144
169
231
144
196
140
163
188
153
260
206
259
4
269
246
189
254
113
36
56
24
185
144
203
239
271
227
11
257
17
216
170
142
233
170
280
35
9
46
71
36
90
165
145
184
254
10
253
7
212
232
10
239
213
188
149
171
151
48
7
203
287
261
21
79
253
31
77
24
62
219
159
30
281
193
127
201
53
199
139
208
263
196
162
243
282
84
162
140
186
242
178
151
182
249
98
260
198
8
199
57
209
141
161
216
63
250
165
277
40
60
220
243
280
240
142
206
32
272
201
136
241
207
262
1
22
269
204
6
274
29
51
160
64
28
274
22
261
196
2
204
284
261
197
140
193
225
249
193
271
112
52
202
12
39
66
20
276
195
168
284
264
17
238
214
192
157
54
199
10
255
215
124
40
281
166
139
200
8
248
100
261
212
188
144
177
153
214
269
64
219
9
89
177
212
159
216
49
151
181
247
226
139
194
252
4
198
271
139
189
139
206
3
249
211
52
10
270
143
249
143
194
153
244
219
242
285
262
19
281
211
164
221
140
237
150
184
215
159
74
32
192
153
62
42
211
287
251
92
34
54
196
4
170
278
251
285
222
148
239
185
257
280
195
146
187
228
83
256
32
62
34
3
190
225
205
139
249
165
200
282
15
57
6
37
275
253
217
65
25
4
267
202
139
173
201
245
281
28
266
63
222
243
61
26
6
246
152
270
189
257
68
215
139
191
0
259
18
180
155
216
176
152
182
140
185
249
138
244
88
44
2
198
260
201
139
204
258
278
84
30
76
27
55
228
266
208
266
107
47
172
148
192
36
277
34
58
164
206
145
57
219
142
168
255
223
10
253
30
60
252
25
266
0
250
148
271
192
172
140
199
4
230
177
142
238
217
268
31
205
273
29
253
95
261
204
145
193
264
209
139
206
5
49
214
91
152
184
239
150
181
154
174
3
156
192
106
187
157
181
210
145
181
243
202
139
196
1
263
210
59
27
276
234
255
55
199
145
250
7
234
213
151
61
35
58
247
181
145
196
269
243
145
249
221
64
41
279
238
136
198
277
128
273
229
7
204
10
31
279
34
66
21
282
251
183
150
23
64
156
219
279
237
189
147
284
39
2
270
102
185
244
189
240
145
194
120
200
132
55
35
282
14
254
200
144
197
53
215
165
249
193
273
227
252
226
200
10
258
216
16
259
16
233
9
227
262
188
242
199
283
170
212
236
211
58
144
205
141
164
210
251
6
205
165
275
38
65
160
209
180
158
253
8
28
62
266
286
171
89
263
287
19
179
243
218
169
149
171
212
191
251
276
23
57
262
160
140
175
230
253
191
141
17
43
211
146
194
240
11
251
229
201
221
242
266
143
180
248
5
207
138
246
275
217
57
166
194
148
210
176
230
139
231
8
208
232
149
248
187
139
225
167
255
185
258
16
214
171
142
183
229
203
279
12
45
280
162
79
200
246
141
189
230
153
212
242
198
143
22
71
44
286
172
250
192
234
147
186
256
276
17
60
37
72
33
75
230
9
268
5
113
26
60
33
0
247
98
270
3
195
154
215
54
28
67
214
47
199
238
283
258
228
199
135
219
245
203
162
182
22
280
200
134
196
52
32
57
206
56
197
5
255
93
0
195
137
224
165
209
140
195
151
190
226
10
277
33
258
215
169
284
264
168
210
144
208
237
20
259
0
253
114
24
69
45
199
150
191
34
62
37
4
249
203
140
229
184
158
59
205
133
201
237
280
235
139
178
230
5
66
251
29
53
183
250
196
146
188
134
239
274
17
285
207
140
175
144
244
143
203
130
211
61
41
277
157
240
185
231
9
51
213
150
184
140
188
159
218
64
162
223
266
24
4
198
258
216
248
188
145
197
2
243
171
229
255
111
271
97
252
190
101
16
92
37
276
238
176
147
232
205
144
198
136
215
267
199
126
189
258
18
45
215
138
242
206
143
163
70
40
13
77
220
241
274
168
148
244
193
282
253
8
51
31
63
26
55
82
228
170
212
61
221
143
170
150
186
157
57
27
278
233
194
222
244
2
223
18
173
236
282
245
180
213
251
6
225
141
192
260
148
172
213
11
229
155
188
156
267
213
152
203
154
265
99
251
218
139
228
206
8
260
19
280
168
221
255
187
149
241
215
151
242
190
257
15
93
250
8
204
140
198
3
197
147
213
153
182
238
154
187
259
279
193
39
71
282
15
35
56
17
256
1
46
66
215
57
25
68
41
169
83
278
69
22
184
49
186
206
246
202
246
144
243
9
204
152
236
143
184
108
192
250
199
272
4
213
137
197
261
14
222
265
14
214
249
81
233
144
183
157
252
177
146
233
177
203
55
29
267
218
8
267
164
208
58
211
7
231
4
45
10
265
204
248
167
220
163
279
23
80
265
216
61
222
270
27
61
23
270
32
59
154
63
36
63
214
149
193
123
201
140
200
177
221
70
48
152
175
155
273
192
225
147
224
163
213
151
198
253
192
145
228
195
117
269
103
287
199
147
167
195
254
210
186
284
72
24
59
39
9
53
227
166
145
182
159
179
206
234
208
281
193
56
150
250
211
262
282
238
204
6
197
173
254
276
209
11
254
115
185
145
221
265
1
195
141
233
49
191
128
189
148
213
140
205
245
5
95
215
178
140
202
137
242
278
33
13
217
59
201
259
285
20
271
7
96
247
226
191
257
11
207
163
139
201
282
218
155
243
182
251
153
200
273
35
89
244
264
217
165
282
189
255
189
154
70
17
260
186
141
273
129
180
208
144
182
143
263
240
220
139
188
257
202
9
200
145
179
142
242
58
29
50
193
54
12
226
7
197
3
55
16
258
4
208
139
210
186
247
198
280
32
229
189
258
14
275
209
253
165
226
11
261
15
40
277
156
248
50
162
254
216
64
25
263
6
203
279
39
59
21
184
161
51
121
193
141
180
151
185
149
236
172
276
210
139
237
174
199
252
112
0
268
28
59
208
246
188
213
95
255
279
16
237
175
222
7
223
51
200
282
68
167
222
266
219
277
193
148
286
252
18
43
63
164
60
20
259
202
132
216
153
195
115
270
25
276
233
209
145
223
201
285
265
18
222
161
139
214
55
259
287
250
156
278
234
12
35
58
210
163
221
194
141
197
1
213
249
141
187
156
215
254
211
53
12
262
200
249
207
60
144
201
139
280
15
92
244
224
204
143
234
145
17
177
152
213
61
24
264
26
67
162
46
5
228
275
39
88
8
210
142
248
169
277
206
166
84
35
236
141
208
278
147
201
5
234
3
225
199
143
196
277
18
233
194
133
53
11
31
269
8
41
287
169
149
198
263
218
56
202
287
240
183
236
140
160
73
45
20
273
6
247
139
188
212
259
225
195
157
199
139
230
169
43
282
227
169
250
226
8
200
158
70
12
279
214
131
204
139
241
178
236
146
199
141
285
182
234
173
142
235
208
148
191
256
224
184
42
64
214
7
223
271
3
247
204
2
38
160
203
284
218
245
210
162
86
176
155
236
188
259
285
22
74
40
65
23
183
212
278
38
18
57
201
139
206
253
206
159
273
7
235
110
250
95
38
58
215
235
146
179
217
267
11
267
2
22
252
100
184
62
164
218
261
229
8
197
222
283
42
6
33
76
6
199
139
184
149
227
171
140
206
181
45
21
149
197
139
162
194
27
219
56
34
284
19
263
209
60
9
32
71
51
28
78
258
190
1
243
266
16
279
256
207
152
228
13
278
37
275
247
140
244
166
245
189
163
217
261
148
177
222
68
29
278
164
223
178
208
63
240
140
212
154
194
283
197
251
271
33
70
44
64
157
216
279
237
191
142
236
216
152
173
221
280
36
274
197
246
136
202
167
145
186
258
205
143
210
156
190
142
226
8
266
205
262
238
11
228
267
246
139
217
160
213
182
49
6
232
170
215
61
211
257
101
250
9
276
151
39
15
37
286
57
21
1
229
176
206
141
196
120
192
256
203
129
57
209
146
166
37
230
174
143
189
241
286
195
150
172
152
196
0
196
222
140
208
138
231
145
184
153
42
63
219
136
248
194
260
157
216
63
255
216
6
43
282
206
169
246
222
4
200
146
244
205
139
219
248
182
250
202
243
91
253
17
220
157
186
259
98
267
28
55
207
141
0
225
203
150
235
176
197
148
169
203
285
243
211
45
65
279
25
66
257
173
286
202
3
25
62
22
263
284
210
260
151
193
112
256
210
5
233
279
213
252
6
213
266
6
253
287
34
278
27
66
25
2
225
198
147
250
9
276
34
54
29
75
35
272
224
168
143
175
142
255
177
231
186
162
141
174
219
164
190
122
40
9
215
64
262
158
201
141
204
239
185
22
273
198
10
202
244
139
201
161
240
285
215
11
232
253
8
216
178
242
279
240
144
268
243
153
271
6
198
51
226
4
172
138
248
3
94
263
11
199
148
242
193
51
27
114
196
139
203
251
100
259
238
205
274
174
154
190
149
198
141
240
188
258
205
132
218
61
238
198
2
196
261
195
245
266
29
60
19
259
194
118
50
30
187
234
181
212
161
210
159
221
65
24
57
158
178
209
142
240
185
208
251
215
158
251
30
269
1
246
190
256
188
239
161
192
153
180
244
280
17
282
15
91
244
221
201
146
183
139
245
3
47
73
30
281
198
139
200
224
171
3
251
282
204
275
255
275
31
52
195
139
182
208
147
190
228
174
140
191
51
255
184
162
182
50
155
214
264
284
41
61
37
60
8
208
253
12
199
133
232
211
147
200
130
210
277
38
285
171
227
151
193
139
186
237
217
56
207
59
153
57
255
202
257
277
37
192
261
281
199
235
267
209
6
249
217
62
212
252
285
26
269
220
138
206
136
208
166
144
233
176
240
150
214
152
249
279
201
7
260
14
115
189
143
177
228
199
8
207
145
165
285
197
237
145
47
80
203
6
266
27
64
219
154
25
187
258
81
167
83
261
213
156
57
196
146
246
226
15
225
50
30
6
207
255
44
10
270
13
254
205
2
32
61
28
279
86
204
150
188
48
69
35
55
15
236
256
215
282
215
192
142
194
281
257
89
198
229
3
24
262
97
182
141
183
137
240
215
286
18
275
12
204
138
213
152
0
195
260
187
156
218
247
186
253
168
205
228
142
189
124
185
257
190
254
98
10
227
247
5
203
277
158
244
284
201
223
139
183
49
4
48
5
218
49
151
273
190
287
256
213
159
189
259
231
199
9
35
99
258
209
141
235
200
111
268
219
258
189
56
225
267
27
265
12
42
171
203
283
242
273
7
268
222
191
152
44
243
211
0
266
229
251
271
34
59
39
18
58
216
60
24
272
4
201
276
8
197
5
220
168
148
195
257
140
169
255
186
144
243
184
156
180
221
59
239
218
140
207
139
181
155
66
30
10
252
187
142
182
162
209
6
229
85
32
279
38
275
7
274
237
6
202
141
205
145
211
282
14
42
280
260
198
148
203
3
244
200
6
208
256
15
204
238
286
203
223
149
194
164
281
160
206
246
140
179
242
139
191
258
238
145
278
68
23
63
156
176
225
254
11
200
221
156
287
267
22
43
63
217
156
187
229
183
236
206
226
178
147
204
137
206
58
29
79
167
282
229
138
205
282
163
208
143
188
214
137
210
147
197
153
190
285
24
60
40
276
243
219
286
25
55
192
116
25
244
286
256
216
12
37
283
263
204
226
253
273
36
56
205
247
147
229
258
222
163
6
261
238
135
207
160
191
231
275
202
249
184
139
159
195
285
241
184
146
205
244
210
270
8
249
56
19
260
210
255
196
140
209
142
173
230
141
208
166
223
166
139
194
255
88
260
21
273
34
276
61
252
214
154
183
151
202
142
190
50
30
77
26
47
12
34
67
282
40
64
7
197
231
18
280
251
217
4
178
202
146
251
222
169
230
159
265
217
11
237
216
184
233
149
176
217
46
3
204
284
264
86
31
65
218
131
199
149
198
140
249
216
163
185
256
195
109
266
26
51
215
63
27
51
12
235
143
215
49
185
21
45
66
23
184
251
112
3
30
268
12
35
274
19
57
134
208
230
276
8
204
140
161
46
3
259
223
191
157
247
192
145
241
189
168
282
14
255
170
224
189
245
155
177
238
204
139
163
222
8
202
252
193
172
223
187
259
287
157
184
206
250
2
168
228
201
238
148
175
239
201
140
199
140
287
239
281
259
190
140
220
267
21
279
41
71
27
67
39
166
214
192
136
212
252
185
250
173
